0 0.210308 0.53596 0.179791 0.204398 0.989497
0 0.227395 0.556612 0.223771 0.201971 0.974661
0 0.458624 0.701137 0.450986 0.18564 0.922721
0 0.273983 0.572649 0.211652 0.202812 0.909415
0 0.546728 0.776004 0.177456 0.259061 0.904436
0 0.112145 0.507934 0.203254 0.20162 0.742305
0 0.0891326 0.4948 0.178265 0.200843 0.712463
0 0.278298 0.654328 0.204507 0.245795 0.683187
0 0.520782 0.760173 0.177859 0.256439 0.678663
0 0.195214 0.513199 0.174726 0.239741 0.673782
0 0.572126 0.789026 0.183419 0.258642 0.665761
0 0.211342 0.625839 0.204117 0.262608 0.644363
0 0.310591 0.583278 0.194045 0.202481 0.628559
0 0.249955 0.660323 0.195381 0.212436 0.585289
0 0.232549 0.736223 0.179549 0.245415 0.54968
0 0.260321 0.558351 0.16459 0.200851 0.528224
0 0.373953 0.609757 0.212679 0.201812 0.475477
0 0.163334 0.518112 0.212879 0.204208 0.474519
0 0.257863 0.749278 0.185312 0.247993 0.437566
0 0.507958 0.668218 0.287594 0.198061 0.435552
0 0.227678 0.589139 0.246741 0.224132 0.394464
0 0.43085 0.628759 0.22676 0.197062 0.389114
0 0.11796 0.474812 0.178815 0.229864 0.379318
0 0.075309 0.471986 0.150618 0.203553 0.364679
0 0.626493 0.706336 0.216285 0.201461 0.338932
0 0.147244 0.594244 0.210795 0.278497 0.335032
0 0.0819238 0.570653 0.163848 0.233218 0.319539
0 0.0662057 0.654893 0.132411 0.245531 0.284084
