0 0.504752 0.922078 0.26234 0.155845 0.99841
0 0.46892 0.755842 0.201635 0.185519 0.997903
0 0.499211 0.75303 0.211038 0.169393 0.995551
0 0.502014 0.745428 0.165164 0.112335 0.986437
0 0.50198 0.442067 0.193372 0.270142 0.933151
0 0.490228 0.436269 0.143158 0.11135 0.91899
0 0.510912 0.919338 0.192528 0.110793 0.814984
0 0.50387 0.758002 0.207364 0.238884 0.812312
0 0.491278 0.451063 0.157319 0.145083 0.579877
0 0.468529 0.435143 0.185659 0.294962 0.520423
0 0.529832 0.749712 0.202459 0.271705 0.514823
0 0.473093 0.916892 0.272483 0.166217 0.444775
0 0.501277 0.902787 0.220555 0.194426 0.398338
