0 0.597854 0.119584 0.32146 0.177983 0.999664
0 0.572264 0.298 0.225642 0.168866 0.999529
0 0.490583 0.576193 0.158074 0.134426 0.998987
0 0.531637 0.299323 0.248772 0.196076 0.996918
0 0.495323 0.581325 0.194529 0.237874 0.995918
0 0.563285 0.294135 0.251175 0.115404 0.973186
0 0.587002 0.304209 0.251105 0.218209 0.912993
0 0.519835 0.287161 0.218561 0.264942 0.789178
0 0.572761 0.116168 0.299129 0.143452 0.76359
0 0.602666 0.121841 0.264968 0.243683 0.745097
0 0.551985 0.124755 0.301757 0.206971 0.63576
0 0.627175 0.142 0.313741 0.204912 0.602599
0 0.538932 0.323576 0.268931 0.273842 0.33425
