0 0.515194 0.518447 0.177373 0.373594 0.999603
0 0.503846 0.498625 0.174981 0.110339 0.994368
0 0.506415 0.407164 0.187744 0.323218 0.942883
0 0.474107 0.516776 0.191658 0.257443 0.91831
0 0.517909 0.501581 0.192682 0.275298 0.852188
0 0.519578 0.590897 0.168516 0.281135 0.782923
0 0.503288 0.503684 0.188348 0.189166 0.698007
0 0.516844 0.532231 0.1722 0.212797 0.686512
0 0.587953 0.854069 0.215302 0.257291 0.677589
0 0.471629 0.529593 0.18625 0.368156 0.371873
0 0.481332 0.404916 0.1677 0.178301 0.274132
0 0.523319 0.506489 0.151843 0.146857 0.26272
