0 0.517723 0.839949 0.170864 0.215282 0.999526
0 0.560625 0.543067 0.200403 0.303054 0.999507
0 0.58379 0.47076 0.177119 0.197245 0.989948
0 0.545063 0.583067 0.187257 0.267117 0.989064
0 0.495825 0.818487 0.180895 0.252366 0.973455
0 0.587274 0.476894 0.147698 0.129479 0.960933
0 0.787703 0.682789 0.22266 0.228808 0.947328
0 0.574509 0.501546 0.19922 0.252893 0.940283
0 0.602066 0.611249 0.184162 0.222317 0.937336
0 0.603452 0.626795 0.199233 0.301381 0.907806
0 0.552959 0.742101 0.178566 0.253177 0.880307
0 0.594425 0.525494 0.178435 0.229471 0.861618
0 0.872038 0.357505 0.207927 0.304442 0.836288
0 0.558054 0.813353 0.17475 0.284682 0.831595
0 0.698945 0.868679 0.170013 0.214107 0.747916
0 0.588933 0.573826 0.178052 0.272492 0.689312
0 0.850741 0.365695 0.190759 0.247806 0.687015
0 0.492168 0.451166 0.1687 0.211244 0.660043
0 0.584168 0.451037 0.143532 0.112879 0.563732
0 0.766867 0.668997 0.200247 0.28393 0.535664
0 0.729109 0.790926 0.204401 0.294836 0.521092
0 0.608 0.480848 0.183848 0.331025 0.494126
0 0.541343 0.81815 0.173446 0.235135 0.42112
0 0.571805 0.767509 0.194101 0.324877 0.378003
0 0.742542 0.686079 0.190939 0.221072 0.358411
0 0.632576 0.578952 0.199406 0.289051 0.352199
0 0.661578 0.931015 0.207372 0.13797 0.309337
0 0.707023 0.90014 0.175612 0.19972 0.275289
0 0.573616 0.629559 0.179198 0.236286 0.258219
