0 0.443468 0.551302 0.189799 0.305713 0.999557
0 0.426318 0.466666 0.197304 0.257164 0.990176
0 0.41537 0.461999 0.145454 0.113363 0.988365
0 0.443593 0.565753 0.172367 0.198692 0.987382
0 0.481942 0.830254 0.18073 0.238088 0.981707
0 0.412847 0.468633 0.161755 0.184687 0.976159
0 0.393931 0.48605 0.187292 0.234775 0.894455
0 0.416987 0.568214 0.173995 0.237121 0.89158
0 0.442503 0.815347 0.183096 0.298162 0.789897
0 0.417871 0.52284 0.199557 0.294785 0.783734
0 0.12742 0.362669 0.208515 0.301648 0.771214
0 0.435248 0.434644 0.194165 0.342989 0.760224
0 0.297417 0.877312 0.17861 0.219561 0.728993
0 0.444657 0.748653 0.189183 0.248014 0.598581
0 0.383967 0.585705 0.204367 0.257188 0.547523
0 0.460186 0.585511 0.180914 0.256069 0.50467
0 0.149311 0.371068 0.226881 0.248883 0.499027
0 0.338448 0.921778 0.210924 0.156396 0.443197
0 0.445764 0.84342 0.168091 0.210232 0.404747
0 0.498649 0.461656 0.175511 0.221887 0.346012
0 0.400193 0.456292 0.196769 0.330348 0.334142
0 0.301771 0.940313 0.234782 0.118793 0.295032
0 0.46707 0.528477 0.182135 0.312424 0.287135
