0 0.522603 0.733038 0.278158 0.2714 0.999631
0 0.536502 0.687718 0.292936 0.211525 0.997134
0 0.542412 0.717405 0.263067 0.21447 0.99352
0 0.566357 0.763094 0.253602 0.266719 0.968324
0 0.564865 0.706406 0.244481 0.111959 0.935149
0 0.542767 0.842916 0.221376 0.264924 0.933486
0 0.56306 0.72358 0.236567 0.174967 0.909602
0 0.556133 0.679019 0.25231 0.160959 0.890144
0 0.538925 0.776471 0.266036 0.196235 0.82566
0 0.580638 0.508052 0.197397 0.313955 0.798058
0 0.460355 0.736315 0.191835 0.157035 0.655244
0 0.467595 0.73202 0.230215 0.27758 0.63713
0 0.449294 0.718016 0.163259 0.113555 0.613958
0 0.580783 0.731506 0.20674 0.247021 0.509892
0 0.458478 0.743397 0.190467 0.226955 0.487146
0 0.50313 0.711031 0.243975 0.210653 0.443418
0 0.522358 0.694004 0.264114 0.109791 0.361019
0 0.501941 0.923956 0.216328 0.152088 0.33335
