0 0.635038 0.890819 0.165827 0.182855 0.999959
0 0.693079 0.6112 0.164866 0.179707 0.999911
0 0.171947 0.872349 0.206828 0.255302 0.999884
0 0.392786 0.607123 0.166178 0.20924 0.999873
0 0.170473 0.879333 0.173939 0.213613 0.995411
0 0.61311 0.943072 0.164248 0.113856 0.989803
0 0.337856 0.629236 0.17236 0.21306 0.976973
0 0.382156 0.593672 0.185375 0.312743 0.970637
0 0.145784 0.884607 0.196065 0.230785 0.969964
0 0.667524 0.90462 0.163427 0.177822 0.961079
0 0.411831 0.579608 0.18089 0.255021 0.953315
0 0.622097 0.925837 0.172449 0.148326 0.94209
0 0.297589 0.823734 0.21055 0.315009 0.864478
0 0.63227 0.87826 0.170055 0.243479 0.84929
0 0.370715 0.616528 0.196025 0.241461 0.807531
0 0.642156 0.856664 0.159748 0.177417 0.786082
0 0.6813 0.821429 0.160791 0.176032 0.752213
0 0.184129 0.830068 0.198908 0.339864 0.75083
0 0.705694 0.586116 0.165877 0.194932 0.694772
0 0.610055 0.886166 0.166274 0.198913 0.677815
0 0.347768 0.594343 0.199862 0.306225 0.633993
0 0.680873 0.645831 0.161218 0.196889 0.536035
0 0.651874 0.812405 0.160878 0.177496 0.483076
0 0.673134 0.718604 0.157991 0.172864 0.438334
0 0.19489 0.865856 0.171932 0.229003 0.372861
0 0.673646 0.876169 0.159628 0.176883 0.358726
0 0.691807 0.672376 0.158862 0.175909 0.284358
0 0.633962 0.947669 0.160975 0.104662 0.274776
