0 0.49816 0.25325 0.206808 0.179239 0.999359
0 0.487917 0.0692819 0.274601 0.138564 0.999052
0 0.486912 0.246035 0.218026 0.12934 0.996921
0 0.500762 0.564032 0.198763 0.223261 0.995644
0 0.499763 0.553802 0.180364 0.158297 0.994831
0 0.505574 0.251566 0.155052 0.12153 0.992283
0 0.477502 0.0555262 0.263605 0.110198 0.984057
0 0.478457 0.25544 0.217136 0.216695 0.951894
0 0.510676 0.550558 0.144543 0.119004 0.94995
0 0.502842 0.0677302 0.263947 0.102382 0.893621
0 0.533612 0.247417 0.208499 0.29042 0.697761
0 0.487787 0.111959 0.278923 0.223918 0.685468
0 0.528802 0.574366 0.186105 0.248078 0.519985
