0 0.273558 0.350688 0.167431 0.21298 0.999758
0 0.271258 0.399195 0.19458 0.278587 0.991669
0 0.252284 0.423273 0.183117 0.253938 0.986719
0 0.284091 0.314682 0.199677 0.307288 0.965089
0 0.306118 0.687115 0.17579 0.204324 0.930693
0 0.25635 0.351169 0.188081 0.276796 0.91676
0 0.296978 0.322666 0.18401 0.244538 0.856379
0 0.108617 0.327895 0.202583 0.295146 0.815634
0 0.226101 0.399855 0.168924 0.22084 0.713582
0 0.14087 0.868342 0.165421 0.214564 0.637575
0 0.312259 0.674227 0.191172 0.272206 0.561033
0 0.090507 0.341523 0.152039 0.144448 0.511573
0 0.237769 0.325904 0.188943 0.246756 0.483407
0 0.109792 0.373226 0.183777 0.30355 0.274205
